4.407954323291778
1.6294809103012085
1.6293481111526489
1.6242952227592469
1.6246911644935609
1.6246745586395264
3.916994595527649
3.7071865439414977
3.5212655305862426
4.041292428970337
3.6981575965881346
5.39106103181839
5.225007164478302
5.061270654201508
4.780271208286285
4.935542821884155
7.140589487552643
7.350606548786163
7.039155375957489
6.898150336742401
7.224138259887695
17.353125965595247
16.415271818637848
17.144365882873537
17.134186148643494
16.97348530292511
33.971325755119324
34.04048582315445
34.543431556224824
31.247733306884765
33.10763926506043

163.24652136564254

pow
7.679857766628265
3.292534828186035
pos
4.296902596950531
poa
4.246664643287659
pos
4.323502957820892
4.297151505947113
4.246772825717926
4.246546924114227
4.221579551696777
4.221549570560455
4.222785711288452
4.221904218196869
2.642905056476593
2.6181135177612305
2.618608236312866
no gossip
0.9086542129516602
8.864785194396973
3.587236762046814
17.814354240894318
0.9099113941192627
0.9095327258110046
0.9086852669715881
3.686928868293762
9.047013819217682
17.914783477783203
0.9089648723602295
0.93414306640625
0.9342567920684814
0.9085146188735962
1.793131947517395
1.8433544635772705
0.9339214563369751
1.818836748600006
3.610542953014374
3.561737298965454
3.566735327243805
0.9098418354988098
0.9098480343818665
0.0
0.0
0.0
0.0
0.0
0.0
0.0
0.0
0.5
0.5
0.5
0.5
0.5
0.5
1.5
0.5002413988113403
0.0002644062042236328
0.0002586841583251953
0.00021123886108398438
0.00043833255767822266
0.00021159648895263672
0.00026702880859375
0.00025420188903808595
0.00033178329467773435
0.00024700164794921875
0.0002850770950317383
0.00023822784423828126
0.0002979278564453125
0.00024623870849609374
0.00023598670959472655
0.00021948814392089844
0.00022368431091308595
0.00026531219482421874
0.00020952224731445311
0.00024521350860595703
0.0002894401550292969
0.00028836727142333984
0.00020325183868408203
0.00019598007202148438
0.0001957416534423828
0.00023317337036132812
0.00021839141845703125
0.00020325183868408203
0.00023221969604492188
0.00021791458129882812
0.00022125244140625
0.00019788742065429688
0.0002040863037109375
0.00023496150970458984
0.00021314620971679688
0.0002536773681640625
0.00019073486328125
0.00023162364959716797
0.00021982192993164062
0.0002493143081665039
0.0002533435821533203
0.00026209354400634765
0.00024309158325195313
0.0002500295639038086
0.0002302885055541992
0.00018467903137207032
0.00024449825286865234
0.0002874135971069336
0.0002268075942993164
0.000270390510559082
0.020548129081726076
0.030630970001220705
0.04060089588165283
0.020517706871032715
0.00023813247680664061
0.0002155303955078125
0.00021958351135253906
0.0002147674560546875
0.00026311874389648435
0.00038824081420898434
0.00033130645751953123
0.00032901763916015625
0.000307774543762207
0.00031635761260986325
0.00023156404495239258
0.00023055076599121094
0.0002601146697998047
0.00026357173919677734
0.0003129243850708008
0.0002913475036621094
0.00024898846944173175
0.0002530415852864583
0.00029428799947102863
0.00024080276489257812
0.0003483295440673828
0.00031065940856933594
0.0002537965774536133
0.00036144256591796875
0.00022590160369873047
0.00022759437561035157
0.0002421092987060547
0.0002549457550048828
0.00024061203002929689
0.0002680206298828125
0.00026433608111213236
0.000244757708381204
0.00025652436649098117
0.0002566365634693819
0.0002751771141501034
0.0002517883594219501
0.0003094673156738281
0.00026251719548152044
0.00027441978454589844
0.0002535856687105619
0.00029311180114746096
0.00030586719512939455
0.00030705928802490237
0.00026183128356933595
0.00028851032257080076
0.000318606694539388
0.0004094176822238498
0.0002898375193277995
0.0002785523732503255
0.00032438172234429256
0.0002809464931488037
0.0002861320972442627
0.00027999281883239746
0.0003376007080078125
0.00036475062370300293
0.0003528594970703125
0.00036416734967912944
0.00029206275939941406
0.0003152234213692801
0.00039274351937430244
0.0003647009531656901
0.0004412333170572917
0.0003515879313151042
0.0003744761149088542
0.00031820933024088543
0.00035414695739746096
0.00035881996154785156
0.00041761398315429685
0.0003506183624267578
0.00040302276611328127
0.0003144264221191406
0.00031409263610839846
0.0003004550933837891
0.0003184795379638672
0.0003366947174072266
0.00038204193115234377
0.0005600452423095703
0.0007243633270263671
0.0005849361419677735
0.0006534099578857422
0.0006073474884033203
0.0005898952484130859
0.0006415843963623047
0.0005767822265625
0.0006459712982177735
0.0006313323974609375
0.0008031368255615234
0.0007154941558837891
0.000754547119140625
0.0006963253021240234
0.0006525516510009766
0.0006952285766601562
0.0006206512451171875
0.0005344867706298829
0.0006043434143066407
0.0005933284759521484
0.0006071090698242188
0.0005677223205566406
0.0007516384124755859
0.0006014347076416015
0.0005778312683105469
0.0005828857421875
0.0005374908447265625
0.0005867481231689453
0.0
0.0005289077758789063
0.0008722305297851563
0.0006577014923095703
0.0007830619812011719
0.000742959976196289
0.0008548327854701451
0.0007040841238839286
0.0006870882851736886
0.0006992816925048828
0.000690255846296038
0.0006413459777832031
0.0007066726684570312
0.0007228851318359375
0.00047016143798828125
0.0010309219360351562
0.0007276535034179688
0.0005936622619628906
0.0006361007690429688
0.0008449554443359375
0.0007598400115966797
0.0005016326904296875
0.0005729198455810547
0.0008985996246337891
0.0006604194641113281
0.0005745887756347656
0.000985860824584961
0.0006832735879080636
0.0005015664630466037
0.00045708417892456057
0.0004252765489661175
0.000453926268078032
0.015007810592651367
0.011808300018310547
0.017652368545532225
0.017730093002319335
0.02830353736877441
0.021768922805786132
0.020249077479044596
0.018636565208435055
0.019476200739542645
0.016455708742141723
0.015605254173278807
0.01794268290201823
0.017316502162388392
0.017338309288024906
0.0032001762390136716
0.002603159495762417
0.006626655578613283
0.0025304445648193364
0.0020142981719970714
0.002202645721435548
0.002452774810791017
0.002644777450561524
0.0023363706970214856
0.002427492904663087
0.0023050862884521498
0.0021956210327148448
0.001558725662231445
0.0018099649047851564
0.002324604492187501
0.0021773069763183607
0.0017528736877441403
0.0017150050354003902
0.001956535873413086
0.0018670557403564453
0.001894734749427209
0.001945850078876203
0.0020426942385160006
0.0023919497269850516
0.001920413970947266
0.0020295553940993093
0.002025300539456881
0.0018438000312218303
0.002154226596538837
0.0021067588512714095
0.002082293437077449
0.0020294270148644086
0.0016085668182373044
0.0020535708618164067
0.0021284710693359383
0.0021481969451904305
0.0019256650543212892
0.0023281313323974613
0.0022534907531738283
0.0018295113372802732
0.0018478578948974609
0.0018165413665771491
0.0020148760223388674
0.0018609310150146485
0.0019099446105957036
0.0020188433074951177
0.001807414703369141
0.0020929042816162113
0.002160703125
0.001955858383178712
0.002013155517578126
0.0019479506683349607
0.002183210152846116
0.001920665667607234
0.0019650135773878843
0.0018522391686072721
0.001957398781409631
0.0021892516524703426
0.002094023174709744
0.0023516579380741835
0.005720665295918779
0.0018418550491333015
0.0016979794502258304
0.0023673699477623255
0.0020119408879961296
0.002044995340807684
0.0018651610783168248
0.0022266398598166067
0.001977127999970408
0.0019363656477494673
0.0019029086141875307
0.0020572516701438206
0.0020913126285259528
0.0019190456867218013
0.001998056956699915
0.002022170721315869
0.0017633462693956152
0.0023272269661746823
0.001980564567080663
0.002580195250334564
0.0018331118401908382
0.002113572730895412
0.0021323145352877106
0.0016666325378417964
0.0017203569030761713
0.0018714235687255865
0.0018605004882812505
0.0018551369476318357
0.006104611587524415
0.001973267211914063
0.001800935363769531
0.001732198028564453
0.0018865682983398443
0.0017197868347167966
0.0020540116882324226
0.0019362932586669932
0.0021488645172119143
0.00230162094116211
0.005594053341792181
0.0020002774047851567
0.002244039840698243
0.0018568249511718745
0.0019089492797851567
0.002078945453350361
0.0020147904616135814
0.0018531052516056943
0.002021409474886381
0.002293433629549467
0.005060073979695641
0.002202073627048069
0.0017988809438852166
0.0020378446932192208
0.002140155085810909
0.0016945328031267436
0.0022377603465113154
0.002331308167556237
0.0018110110419137144
0.0020251983774119417
0.001849039018154144
0.002154299287235036
0.003881264355717874
0.001706641256809234
0.002372452327183315
0.001946863096587511
0.0020107515716552716
0.002454072600144608
0.0020036972045898425
0.0021215844784142823
0.002208714460715272
0.0021369314873534327
0.0022629150677752744
0.002133736776269001
0.0020175522160284466
0.0023004253788998256
0.0018606295092352511
0.0020337269306182873
0.0021294835697520877
0.002097972040591033
0.0019905700683593747
0.0020948975086212155
0.002171692609786987
0.0020393242306179474
0.0017914892196655274
0.001897409820556641
0.0025632476806640627
0.0018898806571960446
0.0017703414916992188
0.002028317928314209
0.0022307243347167967
0.001979024887084961
0.0020222272872924807
0.0021448230743408205
0.002289066314697266
0.0019445975377009467
0.0018355627793532154
0.0020008792877197266
0.0019214668273925784
0.0020674280019906855
0.0021475257873535157
0.0021772730900691106
0.002077932651226337
0.0017822663233830378
0.0018371400099534258
0.002013284536508414
0.0021072255648099457
0.0018039848621074972
0.00178938968365009
0.0015896858802208536
0.0020934556814340448
0.009512181795560393
0.001991247470562275
0.002146656329815204
0.002520689744215745
0.0016582403916579028
0.0021916189927321224
0.0023200390155498807
0.0022416318746713497
0.002076527962317834
0.008657793935139973
0.002066019204946665
0.0018155240278977616
0.008324305089314777
0.0018193278679480922
0.0021456328800746375
0.0022444139208112443
0.001909256568321815
0.002127029282706125
0.0020064127785818916
0.0019845324925013954
0.0023595752716064457
0.0019260518210274832
0.002414173126220704
0.0019496413639613558
0.0027318269830001033
0.002407942559983996
0.0019225820302963266
0.0021557222254136033
0.001679155468940735
0.0019592320919036865
0.0018204281019127883
0.001993342558542888
0.0017730865478515622
0.0020635723876953134
0.0019307784079551024
0.0019968690542201436
0.0020850127654549965
0.0016866341318402967
0.0020919138802422445
0.0023657311333550347
0.0021495347023010253
0.002159222862937234
0.002552746295928955
0.001738630294799805
0.002120526313781738
0.0018945098876953126
0.0019824863433837896
0.002437124252319336
0.002769577026367187
0.002749571800231934
0.0019618587493896488
0.0036731834411621095
0.0024272518157958983
0.00274134635925293
0.0021245081765311107
0.0020557199205671036
0.002411858149937221
0.002113785607474191
0.0021672330583844867
0.001728417805262975
0.002492880140032087
0.0025211372375488284
0.0021195896693638394
0.0019595350537981305
0.0025555376325334827
0.001962988989693778
0.0019660140446254187
0.002138166155133928
0.0022623078482491635
0.002220305851527623
0.0021265580313546317
0.0023034458160400392
0.0023783773694719588
0.002307511465890067
0.0029331662314278743
0.0022761903490339003
0.0023752501351492748
0.0020866677420479916
0.0021866874694824218
0.0022212303706577847
0.002210026059831892
0.002142716271536691
0.0025211838313511444
0.0022981248583112445
0.00254728753226144
0.0020712511880057196
0.014475191593170164
0.0022461635044642857
0.0027999986921037954
0.002389010293143136
0.002110297611781529
0.002868977410452706
0.002387859889439174
0.002534439359392439
0.002447406053543091
0.0020126468113490516
0.0019376749311174667
0.0020660337720598493
0.0020512101309640074
0.0022902308570014107
0.002431868235270182
0.0018464386463165287
0.0021279991997612845
0.052799879074096674
0.0023144912719726568
0.0020384977658589685
0.0019398196538289389
0.0023987381798880438
0.002525053262710572
0.0019993595461123975
0.002224113878996475
0.001792308658361433
0.0019792868626068326
0.0018527412044191847
0.002535972595214844
0.0026432521820068363
0.003244730631510417
0.0028689842224121098
0.0025688371658325196
0.0024747676849365234
0.002309830665588379
0.0023258047103881835
0.00245438289642334
0.0025028085708618166
0.0023189015388488774
0.002891241073608399
0.0025243964195251468
0.002544041633605957
0.0024255828857421874
0.00273267936706543
0.002548346519470215
0.0022876687049865727
0.0024049596786499023
0.0024412589073181156
0.0031160588264465333
0.002094441413879395
0.0020017805099487307
0.0024982895851135252
0.002379270076751709
0.0028835520744323736
0.0022274680137634277
0.0027005767822265627
0.027204328536987305
0.002393599510192871
0.002346904754638672
0.0028110241889953615
0.0025692300796508792
0.0024389696121215818
0.002421971321105957
0.00218618631362915
0.002701828479766846
0.002440698146820069
0.002406558036804199
0.0024828872680664068
0.0026970248222351074
0.0021407542228698735
0.0024051384925842284
0.0025186500549316407
0.0021421141624450683
0.002877532005310059
0.0029084668159484865
0.002901265621185303
0.0024350004196166996
0.0029062967300415043
0.0019051613807678225
0.002824256420135498
0.002138418674468994
0.0020790877342224123
0.0026612863540649415
0.0022813396453857425
0.0024657454490661624
0.002532275199890137
0.0031744117736816407
0.0025886502265930174
0.002187318801879883
0.002789545822143555
0.0021678633689880375
0.0023595409393310546
0.0026844879150390625
0.0024776755741664344
0.002597126245498658
0.0022494386037190755
0.0025640401840209964
0.0023402630942208425
0.0030859584808349614
0.002485335213797433
0.0020930747571198827
0.0023029962840833166
0.0023736118316650397
0.002809198379516602
0.0020164241790771482
0.002556095123291016
0.0023273544311523437
0.0024533367156982424
0.003436720848083496
0.0031494483947753903
0.0028641319274902346
0.0025137977600097655
0.002888472557067871
0.0024423913955688476
0.003489579200744629
0.0024386959075927738
0.0028494691848754885
0.0026805715560913085
0.0021902637481689452
0.0022859888076782226
0.002483757019042969
0.002532871246337891
0.002794178009033203
0.0031646804809570316
0.0036168460845947266
0.0019668169021606445
0.0030963516235351565
0.00225394344329834
0.002931224822998047
0.0028429832458496096
0.003461684226989746
0.0034097528457641604
0.0031248912811279294
0.002794036865234375
0.0025101022720336917
0.0030145740509033205
0.0024390535354614257
0.003045162200927735
0.002416544914245606
0.0024092512130737304
0.002869853973388672
0.0033532257080078126
0.0028478221893310546
0.002873072624206543
0.00314479923248291
0.002921113967895508
0.0024626569747924804
0.0025627927780151366
0.0026495771408081054
0.003066977500915527
0.002745637893676758
0.002654085159301758
0.002878556251525879
0.002477319717407227
0.0025447921752929687
0.0022886333465576177
0.0023187007904052733
0.0021694021224975585
0.0025061683654785155
0.002659639358520508
0.002212984085083008
0.002403122901916504
0.0024437732696533203
0.002412134170532227
0.002571711540222168
0.002413803100585938
0.003167114893595378
0.002738913536071778
0.0025493075052897135
0.002562626520792643
0.0023156719207763675
0.0020500558217366543
0.0030777683258056644
0.0020779430248119212
0.0023427613576253257
0.002217262404305594
0.0025824476877848307
0.0021722899119059245
0.0023905487060546875
0.0028747403462727867
0.001854627745492118
