6.343380081653595
168.247685444355
168.688006234169
169.16120398044586
166.8051019191742
165.04290263652803
169.46665147542953
168.63143134117126
pow-2
16.626670122146606
18.45560802221298
17.020372211933136
17.362859308719635
17.48950172662735
17.22487518787384
17.444873440265656
18.234940147399904
17.42290371656418
18.211601400375365
19.4494708776474
17.249680507183076
16.669854831695556
17.61864706277847
18.81193701028824
17.002688431739806
18.818214535713196
17.608694386482238
17.11066565513611
16.70412356853485
17.74481213092804
15.89770041704178
16.994753432273864
16.589254760742186
17.547814786434174
19.015296602249144
17.743356132507323
16.88544762134552
16.21481771469116
17.301134836673736
17.0364697098732
17.191464686393736
17.042122423648834
16.07566477060318
16.392654383182524
17.90097180604935
18.38398209810257
16.520310747623444
16.484120655059815
17.526501250267028
18.26348159313202
17.13605237007141
17.802354204654694
17.295133078098296
17.39221122264862
16.908943638801574
17.07624022483826
17.43805079936981
17.663864493370056
17.982168865203857
16.92676248550415
17.369382433891296
16.767358627319336
17.023987541198732
17.734570937156676
7.018613886833191
6.761487686634064
6.9998303055763245
7.251470696926117
7.4525450468063354
6.5204123735427855
7.6090307354927065
7.988274705410004
6.9871719717979435
7.5694040060043335
7.075409531593323
7.443247663974762
7.304060864448547
7.529388570785523
7.593947398662567
7.2968645632267
7.680000436306
6.769629859924317
7.210819739103317
7.353897798061371
7.553675416111946
6.958330139517784
7.282568150758744
7.121452629566193
7.637809520959854
7.121836638450622
7.73787457048893
7.093170750141144
6.786632859706879
6.994942939281463
delay 20,1000
9.711591640114785
8.835893979668617
9.486352157592773
10.386553823947906
9.387609189748764
10.237090069055558
9.3341916680336
9.58767019212246
8.926871004700661
10.191352367401123
pow-100 delay 0,0
6.674446704983711
7.059793084859848
7.258342471718788
7.44710191488266
6.756194600462914
6.703096604347229
7.101571324467659
7.260649439692497
6.966028961539268
6.592242380976677
7.33155711889267
6.916021022200584
7.184523093700409
7.078230941295624
7.3504574239254
6.948444283008575
7.0646240234375
7.617744755744934
7.506473550200463
7.075012844800949
67.84703028202057
66.8749632269144
67.13499639630318
67.13952884376049
67.355528357625
68.75360286831855
66.50779734551907
67.45880591273308
65.74543968141079
65.83020261824132
65.59250240921975
65.66581482887268
65.36295801401138
66.40779538750648
65.15174602270126
67.4132865846157
65.51192851662636
68.36219965219497
65.98345438241958
67.10720271170139
pow-5
66.50144376456737
66.69520101845265
67.81325905323028
66.64839108586311
66.17317286729812
67.01459662616253
65.7624176234007
68.15550916194915
65.34008839726448
67.00881202220917
70.08175351619721
66.49692463874817
68.46973094940185
66.93597747087479
69.11800292730331
69.4914250612259
67.12800023555755
66.96971583366394
66.54530538320542
67.46287788152695
33.830410635471345
35.811736381053926
34.17855393886566
33.1797154545784
33.31049600839615
34.674685990810396
33.84982123374939
32.52635148763657
32.72866449356079
35.26043189764023
pow-5
17.12846646308899
18.11338278055191
17.175279831886293
19.445002603530884
17.796444523334504
19.479839515686034
18.56844080686569
18.47371107339859
17.31231372356415
18.56590756177902
pow-4
18.654499065876006
16.987117636203767
17.983922719955444
17.75552670955658
18.129341208934783
17.489078676700593
18.11353271007538
17.93108789920807
18.257536780834197
17.50210930109024
18.190016317367554
pow-3
17.90920670032501
17.86680335998535
17.26132709980011
18.334393203258514
17.83828752040863
16.078992116451264
18.289444160461425
17.651483237743378
17.297161161899567
17.66627628803253
pow-2
17.242914962768555
17.762053418159486
18.75720771551132
19.173943066596983
18.54040206670761
16.988044571876525
17.520014321804048
17.283798015117647
17.352500200271606
17.494630992412567
pow-6
27.850134897232056
28.24102704524994
22.063419783115386
24.51378526687622
32.14422434568405
25.298471605777742
27.794906532764436
23.24506343603134
24.27621124982834
23.17544205188751
pow-7
244.3963579416275
76.85208864212036
156.38673295974732
88.44874867200852
98.49299606084824
219.56029559373854
65.57937451601029
191.116253387928
79.61073377132416
59.10589957237244
pow-6 parallel
11.49309208393097
13.248525893688202
9.592030918598175
13.715844106674194
11.625014400482177
10.225329411029815
11.956447064876556
11.571861231327057
15.306516909599305
11.165285646915436
pow-7 parallel
45.73968609571457
87.04182510375976
23.11153221130371
58.500791263580325
70.51123287677765
59.14949193000793
56.730234348773955
54.222610402107236
48.95459911823273
173.52553471326829
pos
17.720235431194304
17.136755549907683
18.156707799434663
18.04489951133728
17.034392023086546
17.585087835788727
18.061258006095887
17.93825991153717
17.220524895191193
18.228733563423155
34.76074794530869
35.7809805393219
34.93725645542145
35.2057267665863
34.619570195674896
34.13324877023697
35.33495433330536
36.67446590662003
36.05309679508209
32.49316185712814
172.63877816200255
171.6180101752281
169.48957661390304
173.37571822404863
168.98545818328859
171.54251353740693
169.27075585126877
167.2639398932457
173.9883833527565
171.45856895446778
0.2555134892463684
0.23065119981765747
0.2055124044418335
0.23081588745117188
0.25634902715682983
0.28098922967910767
0.23106038570404053
0.2811540365219116
0.2549838423728943
0.25588637590408325
0.0
0.0
0.0
0.0
0.0
0.0
0.0
0.0
0.0
0.0
0.0
0.0
0.0
0.0
0.0
0.0
0.0
0.0
0.2724540042877197
0.26929765701293945
0.2772150993347168
0.2854669284820557
0.26947089195251467
0.26556617736816407
0.27757380485534666
0.2873118782043457
0.281641902923584
0.2614230537414551
0.2654138469696045
0.25080592632293697
0.25121983051300045
0.25740503311157226
0.25147849559783936
0.24514657974243162
0.26343724250793454
0.2573413467407226
0.2513535404205322
0.24527054786682126
0.29352890968322753
0.25194400787353516
0.23733455657958985
0.2371687698364258
0.25320121765136716
0.26953218460083006
0.25366050720214844
0.2535036277770996
0.24529626846313476
0.24517875671386719
0.24554100036621093
0.255109977722168
0.2650475263595581
0.22533228397369384
0.2354052782058716
0.23518528938293456
0.2352055311203003
0.26532669067382814
0.2355213165283203
0.22513046264648437
0.25579860210418703
0.24565032005310056
0.26963293075561523
0.2575667381286621
0.2332905864715576
0.24544343948364256
0.233635196685791
0.23329138755798337
0.24575448989868162
0.2337985038757324
0.24666223526000974
0.20466017723083496
0.30647897720336914
0.2037372589111328
0.3055763244628906
0.30587244033813477
0.3081374168395996
0.20408010482788086
0.30597805976867676
0.20409679412841797
0.20450496673583984
0.2044358253479004
0.27661561489105213
0.2914293435601626
0.285300960148082
0.2855198913462021
0.3006105598449706
0.307084558698866
0.28299213504791243
0.28260047233805924
0.28524886782029085
0.28488679560493013
0.012158778610229489
0.003950314636230468
0.008525594940185547
0.012077985687255856
0.008389633255004884
0.008171111679077147
0.01964457233135517
0.012351688232421876
0.003993962707519531
0.016410867691040044
0.020094304962158208
0.011880609741210938
0.00436116798400879
0.023913930587768563
0.0038325363922119145
0.019578398631169246
0.007773225936889649
0.016224598770141603
0.03747208206470196
0.07319561958312987
0.016039928131103515
0.007971851577758792
0.011798807678222653
0.0076950291442871134
0.0037442269897460926
0.019681554565429683
0.011726653671264645
0.015715919036865235
0.0036841207885742176
0.011775701904296873
0.02001017143249512
0.012300792007446286
0.0042910301208496085
0.012020079345703132
0.011874981307983397
0.011997873916625976
0.007911975250244145
0.008317316970825194
0.011754300557650052
0.011864559393662674
0.01560889251415546
0.00797213994539701
0.011787534493666436
0.003984253540039061
0.011646634908822874
0.011314035274364332
0.011314845332392938
0.00793520192746763
0.014959117548806328
0.007605981190999349
0.003710441002478966
0.007556770324707034
0.013472411334514616
0.007585569109235487
0.028194677352905276
0.007395462036132813
0.006856264650821685
0.013275703119677174
0.017938275764728416
0.009498440311801052
0.004359362265642951
0.009274800128624094
0.006523901485261463
0.008339307785034179
0.004443157809121271
0.0042314127076346925
0.006139639377594004
0.004184134703416089
0.006477780727629974
0.005618720080401448
0.009591727892557779
0.008252856378969942
0.005830479535189542
0.006885131253136527
0.003605923252720985
0.010864092554364888
0.007338340009961808
0.004205602397089419
0.0038927189020010137
0.008175037530752325
0.004142242431640624
0.008368326847369854
0.00452832390280331
0.0044063480601591225
0.0042048533512995786
0.004436866828373499
0.01250009571878534
0.0045686760606436895
0.006023272161130555
0.007735354570242074
0.0072923957455542756
0.008858474384654652
0.005429552271125022
0.017513805866241454
0.013566249153830786
0.004803994894027709
0.012937016573819245
0.004171134948730468
0.004565704769558377
0.004261190202501086
0.010168292887070595
0.0047532282935248485
0.005373786926269531
0.004558362824576243
0.012153137207031251
0.004184999624888102
0.014701358413696288
0.020796817779541014
0.004281371007646835
0.004387216788071855
0.004907682956793372
0.004376795354879128
0.0044896512142447555
0.0044893608093261725
0.0038558295113699783
0.004461164156595867
0.022475440979003905
0.0045959091186523445
0.004541943073272705
0.00456827735900879
0.005396616458892822
0.004324074745178222
0.0052299265861511235
0.004096530914306641
0.004384611129760742
0.005155841445922852
0.0047800660133361815
0.004280243396759033
0.004853335244315012
0.005262946367263794
0.0048674346378871376
0.0051096477508544924
0.004770350319998605
0.005788166863577708
0.010537484884262085
0.005114116321910511
0.00457060512743498
0.004573922709414833
0.004087159633636475
0.0037179574966430665
0.00464106559753418
0.004765078862508138
0.004056560516357422
0.005320271492004394
0.004551945686340333
0.004446017265319824
0.0039353685379028315
0.006423606872558594
0.005879530906677246
0.004614292144775391
0.005421983718872071
0.004522571563720703
0.005393801689147949
0.00523317813873291
0.00578562068939209
0.003629358291625976
0.005179750442504883
0.0041392650604248045
0.005181498845418294
0.0053332214355468754
0.004474123954772949
0.005475133260091146
0.05529178142547607
0.005482818126678467
0.004940307344709125
0.00538138542175293
0.0048970189094543455
0.0035953617095947268
0.0036602115631103518
0.003656326293945312
0.003001522699991862
0.0035922800699869795
0.012603113403320314
0.012329230575561526
0.007896007614135739
0.007984610977172853
0.004116597442626951
0.012000054139357343
0.008087242279052734
0.015949437875014093
0.004655155029296875
0.00398498924255371
0.0077972071721003604
0.004015328369140625
0.01518391121758355
0.012182746226970962
0.012456823495718146
0.008052247577243378
0.007691770624231411
0.004391749161940354
0.004344994251544657
0.008089889808937357
0.0143282635807991
0.013767602741718296
0.0077467082568577345
0.008033006405008244
0.007849550587790351
0.012286456637912327
0.01166595551906488
0.007343995571136476
0.01355743338844994
0.009911673333909783
0.004466978802400476
0.004620977074759349
0.007003592837940562
0.008575849709687413
0.004241526996388154
0.01115477978388469
0.00442577358654567
0.00903075403130572
0.006373867945237593
0.008677625423524443
0.006573910920516303
0.006339279492696126
0.005001896996029545
0.007129422923496791
0.007618282024676982
0.05199888515472412
0.05197659301757812
0.022418374252319333
0.05633896989088793
0.0870282629453219
0.06403101275517391
0.048470711781428415
0.03081335654625526
0.01664385185241699
0.020139763488769537
0.01588351135253906
0.007647853012084959
0.007906527633666994
0.003974665222167969
0.007915586166381838
0.015671276019169733
0.003778601303100585
0.014985199681034797
0.011842536926269537
0.01539911086470993
0.007681412990276627
0.004210572509765623
0.007728427957605434
0.00784062830607096
0.014435778209141322
0.004056966634897085
0.014512048176356724
0.004310715993245441
0.015891253807965453
0.004028442312169957
0.007790302004132955
0.020512059753005563
0.009358191119299994
0.0071667588949203545
0.007078380405902864
0.007161838471889499
0.01742400604110584
0.004299478867474725
0.003596193313598632
0.008988742237999328
0.008013363761901851
0.005493398875724983
0.011559529057255501
0.005281125746275249
0.004054388885498049
0.00607342368309651
0.00485964209733609
0.0049935856056213404
0.007842566101639357
0.008687237875802176
0.006844694979050579
0.028299709796905517
0.003877276455914532
0.013421152635054156
0.003853814654880099
0.0038271588219536664
0.012381551889272834
0.00423162078857422
0.011910348892211913
0.027757744715763973
0.011894998403695916
0.011765071135300858
0.0047735708676851715
0.004160645411564754
0.027695615181556117
0.012028212620661808
0.012358927946824298
0.004175599905160758
0.011828380437997669
0.011993780429546649
0.0038886042374830987
0.004093166204599234
0.011657878582294175
0.003645179601816032
0.02612220246451242
0.012156611662644607
0.0038387279510498054
0.004310203845684346
0.0038359844501201935
0.023399879813194278
0.010991377830505371
0.01640730521258186
0.004194176401410785
0.004257668358939036
0.017448952229817707
0.00429000701904297
0.003902276992797851
0.010001805411444777
0.018086301672047587
0.01831870733896891
0.00449468287299661
0.008762359687260222
0.004125071132884306
0.008094078870920033
0.008373872243441072
0.003997742732365926
0.003924201965332031
0.004586400393781991
0.004338655118589047
0.006193091556943696
0.004965637855529784
0.0042911168905404905
0.004865425000425251
0.006881691741943361
0.029870866298675535
