2.6095598459243776
2.2776180863380433
2.8105287671089174
2.363296163082123
2.5292569637298583
2.157226359844208
2.4737985730171204
2.488654136657715
2.4735288619995117
2.589200973510742
3.0668275713920594
2.7099096298217775
3.3481932282447815
2.9059522271156313
3.172640824317932
3.086944007873535
3.116955840587616
3.072092151641846
3.2268537878990173
3.2868751287460327
3.1269173622131348
3.7499045968055724
3.750192332267761
3.995555889606476
3.5033456921577453
3.5538893222808836
3.5137674689292906
3.990558660030365
3.6893909335136414
3.5736845254898073
3.6996578574180603
3.935320770740509
4.026660227775574
4.182424545288086
4.0522382140159605
3.9714126586914062
4.534423160552978
4.378660142421722
4.308354270458222
4.675224483013153
4.6004788160324095
4.559708631038665
4.846320009231567
4.976700735092163
4.917052137851715
4.856653392314911
4.896986734867096
4.355023849010467
4.57542804479599
4.741288506984711
